%YAML:1.0
---
cameraMatrix: !!opencv-matrix
   rows: 3
   cols: 3
   dt: d
   data: [ 1.7363905168387475e+04, 0., 7.8473273043264169e+02, 0.,
       4.3860515973171869e+03, 1.5072672681997446e+03, 0., 0., 1. ]
distCoeffs: !!opencv-matrix
   rows: 1
   cols: 5
   dt: d
   data: [ -4.6394404249615420e+00, -1.7964613801177052e+02,
       -2.0075035544516531e-01, 2.2398012934576403e-01,
       4.1383141419371759e+03 ]
Rvec: !!opencv-matrix
   rows: 171
   cols: 1
   dt: "3d"
   data: [ 1.3497555261392311e+00, 9.0229602330133929e-01,
       -1.3203926919374456e+00, 1.3497555261394205e+00,
       9.0229602330119874e-01, -1.3203926919376110e+00,
       1.3497555261389931e+00, 9.0229602330156078e-01,
       -1.3203926919372231e+00, 1.3497555261390561e+00,
       9.0229602330150926e-01, -1.3203926919372575e+00,
       1.3497555261397471e+00, 9.0229602330106184e-01,
       -1.3203926919378426e+00, 1.3497555261391379e+00,
       9.0229602330140024e-01, -1.3203926919373583e+00,
       1.3497555261391792e+00, 9.0229602330140557e-01,
       -1.3203926919373687e+00, 1.3499641672669391e+00,
       9.0253967126862078e-01, -1.3213596116502155e+00,
       1.7860552199240409e-01, -1.5612652188418306e+00,
       3.0928695588805744e-01, -1.5470042879284357e-01,
       1.4329476875731553e+00, 8.4151241312850367e-01,
       -1.4940701469967074e-01, 1.4355616863162626e+00,
       8.3570219108756738e-01, -2.2080370374632977e-01,
       1.3972549149318807e+00, 9.2015331096695829e-01,
       -5.9360727223762477e-01, 1.2752465962454869e+00,
       1.2172687739582637e+00, -1.0587130108699481e+00,
       -7.9659370613058100e-01, -1.2665188036865158e+00,
       1.3415206327807210e+00, 1.0983159741593973e+00,
       -1.1726178008826191e+00, 7.6766857882305040e-01,
       -1.3774055529170381e+00, 1.0524581476047923e+00,
       -1.2188745367717286e+00, -6.0390524466951290e-01,
       -1.3951078324279969e+00, -3.6916999559249103e-01,
       1.2137607551483640e+00, 1.2368109538590546e+00,
       -1.2935387590409772e-01, 1.4170622599928226e+00,
       9.1197142791275632e-01, -2.1860993260648157e-01,
       1.4274873018720717e+00, 9.0826970658111650e-01,
       -5.2804892888130428e-01, 1.3315441155465071e+00,
       1.1420664085127692e+00, -1.1744656190835598e+00,
       -8.3949524723258473e-01, -1.2522888490628266e+00,
       -3.9900440186602248e-01, 1.3465393175402081e+00,
       1.0827349501053998e+00, 4.2002359222013763e-01,
       -1.5249215127968330e+00, 6.2958402928234525e-01,
       -2.0628613129042736e-01, 1.4693802473094453e+00,
       8.2043825040823037e-01, 6.9662912168029589e-01,
       -1.3972345716894377e+00, 9.7134093584394254e-01,
       1.2251590931989957e+00, 1.0263696434525225e+00,
       -1.2186436715600282e+00, 1.2741999172395877e+00,
       9.8647679629269203e-01, -1.2604382917954426e+00,
       -1.2659538071675405e+00, -6.6965842227007222e-01,
       -1.3629834517169124e+00, -5.4528497217423944e-01,
       1.3241625272245263e+00, 1.1806905388702014e+00,
       -1.2659210638713918e+00, -6.4340369532361641e-01,
       -1.4142222804875575e+00, 5.3055600299508587e-01,
       -1.4988844016768570e+00, 7.9715178881681981e-01,
       4.0074580280000677e-01, -1.5452177647972420e+00,
       6.2075991912441564e-01, 4.0577400246339490e-01,
       -1.5470689946365577e+00, 6.1774936587134932e-01,
       1.2421735348299163e+00, 1.0309186603125924e+00,
       -1.1541488078132125e+00, 7.0905642299271121e-01,
       -1.4379016674408633e+00, 9.8004100435078745e-01,
       -3.8302064524594842e-01, 1.3442723632119142e+00,
       1.0329558261004133e+00, -5.4037883816614285e-01,
       1.3181513438188475e+00, 1.1476440351505961e+00,
       -5.1827537793203393e-01, 1.3334113358920263e+00,
       1.1196029098533118e+00, 6.0631118765772318e-01,
       -1.4582318086226704e+00, 8.6994315845817383e-01,
       7.0721485228631498e-01, -1.4239069026779685e+00,
       9.5739456924200306e-01, 1.3330585892175255e+00,
       8.1983836329743420e-01, -1.3805102945112113e+00,
       1.2924103224855057e+00, 9.2068127675074862e-01,
       -1.3031333341285742e+00, -4.3939844029054642e-01,
       1.3845459078695699e+00, 1.0739343785132391e+00,
       -4.2002812130893569e-01, 1.3954038826780852e+00,
       1.0510688079228605e+00, -2.3228272033687741e-01,
       1.4462151478975176e+00, 9.0814279600904735e-01,
       -4.9892307876619929e-01, 1.2870488337411530e+00,
       1.1744045735055084e+00, -5.2829723502913328e-01,
       1.2839861197214892e+00, 1.1685838723632747e+00,
       -6.2622162246950119e-01, 1.2316812317835009e+00,
       1.2555307412724181e+00, -6.3279363760831264e-01,
       1.2487223976660133e+00, 1.2444244912169364e+00,
       -1.1107476455944234e+00, -8.0276319302822485e-01,
       -1.2722304264770041e+00, -1.1083423904736851e+00,
       -8.0237040580667562e-01, -1.2714418942220120e+00,
       -1.1138720400177764e+00, -7.3093317116538459e-01,
       -1.3100673250664936e+00, -9.8189188068073430e-01,
       -8.7891786693912544e-01, -1.1912601448378943e+00,
       -8.9707328102668449e-01, -9.7620422321213085e-01,
       -1.1050376360255909e+00, -9.1155956349363865e-01,
       -9.5954071854519185e-01, -1.1207493144976131e+00,
       8.9985799826784962e-01, 1.2107670852005636e+00,
       -8.9192445065852854e-01, 1.1521946771844680e+00,
       1.0920932806356463e+00, -1.0846708821422377e+00,
       -1.2367139508951506e+00, -5.9826163838269497e-01,
       -1.4317952591742862e+00, -1.2242204534156325e+00,
       -6.0874917291225084e-01, -1.4235400548078596e+00,
       1.1573286800571889e+00, 1.1195158315613976e+00,
       -1.0614662655687308e+00, -1.0092033222435668e+00,
       -8.1228272490913600e-01, -1.2569205452796455e+00,
       1.1762487960563732e+00, 1.1881781766379911e+00,
       -9.9293757826528828e-01, 1.1686672918278505e+00,
       1.1811070222864994e+00, -9.9772454910643127e-01,
       -5.9962873772743042e-01, 1.2275175711821344e+00,
       1.2577959881566132e+00, 7.4544248022338655e-01,
       -1.4124551488618831e+00, 1.0216448941345952e+00,
       1.4281115711147869e+00, 8.7755500676398346e-01,
       -1.3665108241612627e+00, 1.4168033290284177e+00,
       8.7943865896206819e-01, -1.3655090710704734e+00,
       1.1954974732799408e+00, 1.0827539464746176e+00,
       -1.1150434143185923e+00, -1.1215757379233093e+00,
       -7.4660511094264259e-01, -1.3023798530477775e+00,
       1.1873454195330977e+00, 1.0872138334925172e+00,
       -1.1019022459141268e+00, 6.6706873624358554e-01,
       -1.4492155866359562e+00, 9.3445683763438847e-01,
       1.2392954623407533e+00, 1.0629274624941474e+00,
       -1.1412182495916365e+00, -9.5981511961281030e-01,
       -8.8703950812253318e-01, -1.1884887475641270e+00,
       -9.7144996736105982e-01, -8.6878418892317244e-01,
       -1.2009601480349503e+00, 9.1226526399922192e-01,
       1.3239925145108296e+00, -7.3656863996776689e-01,
       9.7460002466872264e-01, 1.2534856595072286e+00,
       -8.6068183506018658e-01, -8.9509207854417361e-01,
       -9.3815225744700914e-01, -1.1317750743014052e+00,
       -9.5819716498328167e-01, -8.8508207616043755e-01,
       -1.1852137974774279e+00, -9.8447362991344578e-01,
       -8.6235396791369601e-01, -1.2030403154121339e+00,
       9.5831241260480438e-01, 1.3118320531115484e+00,
       -7.7634972412002246e-01, -6.7944823779781460e-01,
       -1.1550208823202928e+00, -8.9031859605926733e-01,
       -1.0631660879537157e+00, -7.9442418607239962e-01,
       -1.2296243645348366e+00, -1.0552230124847970e+00,
       -7.8982663211510351e-01, -1.2360097111773207e+00,
       -1.1550443823939340e+00, -7.1198128235414382e-01,
       -1.3241790139033638e+00, -5.4442595468599975e-01,
       1.2528066483211477e+00, 1.2166438009366771e+00,
       -5.4737853706494188e-01, 1.2558806794349053e+00,
       1.2152092685417422e+00, 1.2699501522688432e+00,
       1.0278821378005909e+00, -1.1717726918063052e+00,
       1.3755653503097320e+00, 8.9306610185526736e-01,
       -1.3160966019215319e+00, 1.4627912105493270e+00,
