%YAML:1.0
---
perspectiveTransformMatrix: !!opencv-matrix
   rows: 3
   cols: 3
   dt: d
   data: [ 2.1460375291191924e-03, 1.5774273074488970e-03,
       -5.5349519205315669e+00, -6.2543281363065788e-03,
       -1.7964952060820986e-02, 3.9208574690518113e+01,
       -1.8969526891277787e-04, 2.2004004292224756e-03, 1. ]
